intrinsic:
1429.5450232754467 0.0 917.2605432168139 
0.0 1444.2775680546097 536.5368158805231 
0.0 0.0 1.0 
distortion:
0.09515371300927603 -0.15281913861314594 -0.003717032725441279 -0.01625698365717895 0.06939453880292738 
