intrinsic:
1443.6234660958576 0.0 1071.478325609571 
0.0 1452.1522374429294 654.4399700537882 
0.0 0.0 1.0 
distortion:
0.03225341390629038 -0.13782389934415631 0.015000505420312399 0.014610284366238721 0.16738174643562173 
